     15 jpg
      4 2
      2 png
      2 gif
      2 5
      2 4
      2 3
      2 20100925153436341a2
      2 1
      1 漏1997
      1 xml
      1 union
      1 Submit
      1 Rss
      1 NetEase
      1 img_6
      1 DD
      1 civil
      1 c
      1 About
      1 a
      1 900
      1 89968
      1 898
      1 897
      1 896
      1 895
      1 860010
      1 6
      1 29
      1 2019
      1 201308241300050ee80
      1 2013082223184651f11
      1 201308220721588fc11
      1 201308210740241295c
      1 201308200524462e7bd
      1 201308190539402353c
      1 20110222005713320e1
      1 20110222003306a00de
      1 20110222002504f058d
      1 2011022123584907ae7
      1 201102212348329528c
      1 20110221234650bbeec
      1 20110221220111b4e03
      1 201102212200423d658
      1 2009CBSNEWS
      1 2009
      1 2008
      1 2001890
      1 1972NAMBLA
      1 0502010100
      1 0
      1 ____________________
