      1 路	27
      1 Submit	____________________
      1 Qzone	QQ
      1 QQ	QQ
      1 QQ	icon_logo_ssp
      1 QQ	0
      1 png	Submit
      1 icon_logo_ssp	png
      1 alternate	Qzone
      1 A	10099
      1 517路	路
      1 515315	A
      1 27	20165171990517
      1 26	
      1 21	QQ
      1 20165171990517	2015623
      1 2016	05
      1 2015623	100
      1 18	15
      1 15	21
      1 1235001000	26
      1 10099	1235001000
      1 100	515315
      1 05	18
      1 0	517路
      1 ____________________	2016
